MEMORY
  total            13.3 MB
  struct          159.2 KB
  buffer          135.9 KB
  arena            13.0 MB, used 0.2%

SIZES
  narena                13631488
  nbuffer               139184
  nplugin               0
  maxuse_stack          1248
  maxuse_arena          29104
  maxuse_con            0
  maxuse_efc            6
  ncon                  0
  ne                    0
  nf                    6
  nl                    0
  nefc                  6
  nJ                    36
  nA                    0
  nisland               0
  nidof                 0
  threadpool            0

TIMER
    0:  duration =  0.097      number = 1
    1:  duration =  0.094      number = 1
    2:  duration =  0          number = 0
    3:  duration =  0.07       number = 1
    4:  duration =  0.0057     number = 1
    5:  duration =  0.0017     number = 1
    6:  duration =  0.012      number = 1
    7:  duration =  0.0012     number = 1
    8:  duration =  0.013      number = 1
    9:  duration =  0.0036     number = 1
    10:  duration =  0.045      number = 1
    11:  duration =  0.0073     number = 1
    12:  duration =  0.00028    number = 1
    13:  duration =  0.0098     number = 1
    14:  duration =  0.025      number = 1

SOLVER STAT
  solver_fwdinv =   0         0       
  ISLAND 0
    solver_niter = 1
    solver_nnz = 36
      0:  improvement =  8.7e-19     gradient =  1.7e-19     lineslope =  0       
          nactive = 6   nchange = 0   neval = 2   nupdate = 0

ENERGY =   0         0       

TIME =  16      

QPOS
   6e-06   
  -1.9     
   1.6     
   1.8     
   5.1e-06 
   6.4e-05 

QVEL
  -2.3e-06 
  -1.3e-06 
  -9.5e-07 
   5.4e-07 
   5.5e-07 
   4e-06   

QACC_WARMSTART
   8.8e-07 
   5.6e-07 
   4.3e-07 
  -2.7e-07 
  -2.7e-07 
  -3.5e-10 

CTRL
   5.7e-08 
  -1.9     
   1.6     
   1.8     
   6.3e-06 
   6.4e-05 

QFRC_APPLIED
   0       
   0       
   0       
   0       
   0       
   0       

XFRC_APPLIED
   0         0         0         0         0         0       
   0         0         0         0         0         0       
   0         0         0         0         0         0       
   0         0         0         0         0         0       
   0         0         0         0         0         0       
   0         0         0         0         0         0       
   0         0         0         0         0         0       
   0         0         0         0         0         0       
   0         0         0         0         0         0       

MOCAP_POS
   0        -0.2       0.2     

MOCAP_QUAT
   0         1         0         0       

QACC
   8.8e-07 
   5.6e-07 
   4.3e-07 
  -2.7e-07 
  -2.7e-07 
  -3.5e-10 

XPOS
   0         0         0       
   0         0         0       
   0        -0.045     0.017   
   1.8e-07  -0.076     0.12    
   1.5e-07  -0.07      0.23    
   9.4e-07  -0.2       0.27    
   9.3e-07  -0.2       0.21    
   1e-06    -0.22      0.18    
   0        -0.2       0.2     

XQUAT
   1         0         0         0       
   1         0         0         0       
   0.71      0.71      2.1e-06   2.1e-06 
   0.8       0.6       1.8e-06   2.4e-06 
   0.78      0.63      1.9e-06   2.3e-06 
   0.7       0.71      2.1e-06   2.1e-06 
   0.5       0.5       0.5       0.5     
  -0.5      -0.5       0.5       0.5     
   0         1         0         0       

XMAT
   1         0         0         0         1         0         0         0         1       
   1         0         0         0         1         0         0         0         1       
   1         0         6e-06     6e-06    -4.2e-06  -1         2.5e-11   1        -4.2e-06 
   1        -1.7e-06   5.7e-06   6e-06     0.29     -0.96      2.5e-11   0.96      0.29    
   1        -1.3e-06   5.9e-06   6e-06     0.21     -0.98      2.5e-11   0.98      0.21    
   1         7.5e-08   6e-06     6e-06    -0.012    -1         2.5e-11   1        -0.012   
  -4.8e-06   7.5e-08   1         1        -0.012     4.8e-06   0.012     1        -1.5e-08 
   4.8e-06  -7.3e-06  -1        -1        -0.012    -4.7e-06  -0.012     1        -7.3e-06 
   1         0         0         0        -1         0         0         0        -1       

XIPOS
   0         0         0       
   4.5e-06  -0.015     0.028   
  -9.1e-05  -0.076     0.076   
  -1.7e-05  -0.059     0.19    
  -0.0034   -0.15      0.25    
  -0.0085   -0.2       0.23    
   0.00048  -0.19      0.18    
  -0.00045  -0.22      0.15    
   0        -0.2       0.2     

XIMAT
   1         0         0         0         1         0         0         0         1       
  -3e-05    -1        -0.00085  -0.67      0.00066  -0.75      0.75      0.00054  -0.67    
  -0.35     -0.94      0.017    -0.92      0.34      0.17     -0.16      0.041    -0.99    
   7.8e-05  -1         0.011    -0.95     -0.0033   -0.3       0.3      -0.01     -0.95    
  -0.002    -0.98      0.2       0.19     -0.2      -0.96      0.98      0.037     0.19    
   0.00018   0.15      0.99     -1         0.0086   -0.0011   -0.0087   -0.99      0.15    
   0.99      0.12     -0.017     0.12     -0.9       0.42      0.037    -0.42     -0.91    
  -0.00086  -1         0.029    -1         0.0031    0.078    -0.078    -0.028    -1       
   1         0         0         0        -1         0         0         0        -1       

XANCHOR
   0        -0.045     0.017   
   1.8e-07  -0.076     0.12    
   1.5e-07  -0.07      0.23    
   9.4e-07  -0.2       0.27    
   9.3e-07  -0.2       0.21    
   1e-06    -0.22      0.18    

XAXIS
   0        -4.2e-06   1       
   1         6e-06     2.5e-11 
   1         6e-06     2.5e-11 
   1         6e-06     2.5e-11 
   7.5e-08  -0.012     1       
  -1        -4.7e-06  -7.3e-06 

GEOM_XPOS
   0         0         0       
   4.5e-06  -0.015     0.028   
   2.1e-09  -0.034     0.046   
   4.5e-06  -0.015     0.028   
  -9.7e-05  -0.073     0.065   
   0.00028  -0.076     0.11    
  -9.7e-05  -0.073     0.065   
  -0.00012  -0.059     0.17    
   0.00028  -0.059     0.23    
  -0.00012  -0.059     0.17    
  -0.0033   -0.13      0.25    
   0.00028  -0.19      0.27    
  -0.0033   -0.13      0.25    
  -0.0067   -0.2       0.24    
  -0.012    -0.2       0.22    
  -0.0067   -0.2       0.24    
   0.00037  -0.19      0.18    
   0.00022  -0.21      0.18    
   7.3e-07  -0.18      0.15    
   0.00015  -0.2       0.19    
   8.8e-07  -0.19      0.11    
   8.7e-07  -0.19      0.12    
   8.7e-07  -0.19      0.13    
   8.6e-07  -0.19      0.15    
  -0.00012  -0.22      0.16    
  -1.2e-05  -0.21      0.11    
   1.3e-06  -0.22      0.15    
  -6.1e-05  -0.22      0.18    
   1.5e-06  -0.21      0.11    
   1.5e-06  -0.21      0.12    
   1.4e-06  -0.21      0.13    
   1.2e-06  -0.21      0.15    
   0        -0.2       0.2     

GEOM_XMAT
   1         0         0         0         1         0         0         0         1       
  -3e-05    -1        -0.00085  -0.67      0.00066  -0.75      0.75      0.00054  -0.67    
   1         0         0         0         0.025    -1         0         1         0.025   
  -3e-05    -1        -0.00085  -0.67      0.00066  -0.75      0.75      0.00054  -0.67    
   1         0.053     0.0043    0.048    -0.93      0.35      0.023    -0.35     -0.93    
   6e-06    -1         0.025    -1        -5.9e-06   4.4e-06  -4.2e-06  -0.025    -1       
   1         0.053     0.0043    0.048    -0.93      0.35      0.023    -0.35     -0.93    
  -0.0032   -1        -0.0079   -0.95      0.0054   -0.3       0.3       0.0066   -0.95    
  -1.7e-06  -1        -0.025     0.29      0.024    -0.96      0.96     -0.0072    0.29    
  -0.0032   -1        -0.0079   -0.95      0.0054   -0.3       0.3       0.0066   -0.95    
  -0.007    -0.99      0.13      0.22     -0.13     -0.97      0.97      0.023     0.22    
  -1.3e-06  -1        -0.025     0.21      0.024    -0.98      0.98     -0.0053    0.21    
  -0.007    -0.99      0.13      0.22     -0.13     -0.97      0.97      0.023     0.22    
  -0.00022  -0.85     -0.52     -1        -0.0075    0.013    -0.015     0.52     -0.85    
   6e-06    -0.18      0.98     -1         0.012     0.0022   -0.012    -0.98     -0.18    
  -0.00022  -0.85     -0.52     -1        -0.0075    0.013    -0.015     0.52     -0.85    
   0.99      0.14     -0.0031    0.13     -0.92      0.36      0.047    -0.36     -0.93    
   7.5e-08   1        -0.025    -0.012     0.025     1         1         0.00031   0.012   
  -4.6e-06   1         1e-06     0.98      4.8e-06  -0.22     -0.22     -1.5e-08  -0.98    
   0.03      1        -0.013     0.071     0.011     1         1        -0.031    -0.071   
  -4.8e-06   7.5e-08   1         1        -0.012     4.8e-06   0.012     1        -1.5e-08 
  -4.8e-06   7.5e-08   1         1        -0.012     4.8e-06   0.012     1        -1.5e-08 
  -4.8e-06   7.5e-08   1         1        -0.012     4.8e-06   0.012     1        -1.5e-08 
  -4.8e-06   7.5e-08   1         1        -0.012     4.8e-06   0.012     1        -1.5e-08 
   5.3e-06  -1         0.0012   -1         0.0001    0.087    -0.087    -0.0012   -1       
   7.4e-06  -1         4.6e-06  -0.9      -4.7e-06   0.43     -0.43     -7.3e-06  -0.9     
   5.2e-06  -1         7e-06    -1        -4.7e-06   0.073    -0.073    -7.3e-06  -1       
   5.3e-06  -0.0052   -1        -1        -0.088     0.00046  -0.088     1        -0.0052  
   4.8e-06  -7.3e-06  -1        -1        -0.012    -4.7e-06  -0.012     1        -7.3e-06 
   4.8e-06  -7.3e-06  -1        -1        -0.012    -4.7e-06  -0.012     1        -7.3e-06 
   4.8e-06  -7.3e-06  -1        -1        -0.012    -4.7e-06  -0.012     1        -7.3e-06 
   4.8e-06  -7.3e-06  -1        -1        -0.012    -4.7e-06  -0.012     1        -7.3e-06 
   1         0         0         0        -1         0         0         0        -1       

SITE_XPOS
   9.3e-07  -0.2       0.2     
   0        -0.2       0.2     

SITE_XMAT
   1         4.8e-06  -7.5e-08   4.8e-06  -1         0.012    -1.5e-08  -0.012    -1       
   1         0         0         0        -1         0         0         0        -1       

LIGHT_XPOS
   0         0         1.5     

LIGHT_XDIR
   0         0        -1       

SUBTREE_COM
  -0.00075  -0.092     0.12    
  -0.00089  -0.072     0.11    
  -0.0017   -0.12      0.18    
  -0.0021   -0.14      0.21    
  -0.0031   -0.17      0.22    
  -0.0029   -0.2       0.2     
   0.00032  -0.2       0.18    
  -0.00045  -0.22      0.15    
   0        -0.2       0.2     

CDOF
   0        -4.2e-06   1         0.027    -0.00089  -3.8e-09 
   1         6e-06     2.5e-11  -5.8e-08   0.0097    0.0036  
   1         6e-06     2.5e-11  -7.5e-07   0.13     -0.0018  
   1         6e-06     2.5e-11  -9.6e-07   0.16      0.13    
   7.5e-08  -0.012     1        -0.13     -0.00089  -1.1e-05 
  -1        -4.7e-06  -7.3e-06   1.4e-06  -0.074    -0.15    

CINERT
   0         0         0         0         0         0         0         0         0         0       
   0.006     0.0042    0.0023   -2.9e-05   4.1e-05   0.0025    0.0005    0.032    -0.045     0.56    
   0.0002    0.00019   3.4e-05   4.5e-07   3.7e-06  -1.2e-05   9.5e-05  -0.00049  -0.004     0.12    
   0.0012    0.0012    0.00011  -1.6e-06  -1e-05    -0.00021   0.00014   0.0022    0.013     0.16    
   0.0039    0.0031    0.00092  -1.6e-05   5.1e-05   0.0016   -0.00037  -0.011     0.021     0.15    
   0.0021    0.0011    0.0011   -6.5e-05   6.2e-05   0.0011   -0.00051  -0.0085    0.0082    0.066   
   0.0019    0.00051   0.0014    1.6e-05  -9.2e-06   0.00082   0.00013  -0.011     0.0066    0.093   
   0.00048   5e-05     0.00044   1.3e-06  -2.2e-07   0.00013   8.9e-06  -0.003     0.00089   0.02    
   0.00013   0.00013   0.00013   0         0         0         0         0         0         0.22    

ACTUATOR_LENGTH
   6e-06   
  -1.9     
   1.6     
   1.8     
   5.1e-06 
   6.4e-05 

actuator_moment
--------
 x      |
  x     |
   x    |
    x   |
     x  |
      x |
--------

ACTUATOR_MOMENT
     0:  1       
     1:  1       
     2:  1       
     3:  1       
     4:  1       
     5:  1       

CRB
   0         0         0         0         0         0         0         0         0         0       
   0.016     0.01      0.0064   -9.3e-05   0.00014   0.0058   -2.2e-19   6.9e-18  -3.5e-17   1.2     
   0.0098    0.0061    0.004    -6.4e-05   9.7e-05   0.0033   -0.0005   -0.032     0.045     0.61    
   0.0096    0.0059    0.004    -6.5e-05   9.3e-05   0.0034   -0.0006   -0.031     0.05      0.49    
   0.0084    0.0047    0.0039   -6.3e-05   0.0001    0.0036   -0.00074  -0.034     0.037     0.33    
   0.0045    0.0016    0.003    -4.7e-05   5.2e-05   0.002    -0.00037  -0.023     0.016     0.18    
   0.0024    0.00056   0.0019    1.8e-05  -9.5e-06   0.00095   0.00014  -0.014     0.0075    0.11    
   0.00048   5e-05     0.00044   1.3e-06  -2.2e-07   0.00013   8.9e-06  -0.003     0.00089   0.02    
   0.00013   0.00013   0.00013   0         0         0         0         0         0         0.22    

QM
   0.11    
   0.00013   0.11    
   6.7e-06   0.0038    0.1     
  -1.8e-05  -0.0008    0.00069   0.1     
   2.2e-05  -2.5e-06   1.7e-06   2.9e-06   0.1     
   1e-07     1.8e-05  -5.3e-05  -7.9e-05   1e-07     0.1     

M
     0:  0.11    
     0:  0.00013    1:  0.11    
     0:  6.7e-06    1:  0.0038     2:  0.1     
     0: -1.8e-05    1: -0.0008     2:  0.00069    3:  0.1     
     0:  2.2e-05    1: -2.5e-06    2:  1.7e-06    3:  2.9e-06    4:  0.1     
     0:  1e-07      1:  1.8e-05    2: -5.3e-05    3: -7.9e-05    4:  1e-07      5:  0.1     

QLD
     0:  0.11    
     0:  0.0012     1:  0.11    
     0:  6.5e-05    1:  0.036      2:  0.1     
     0: -0.00017    1: -0.0079     2:  0.0068     3:  0.1     
     0:  0.00022    1: -2.5e-05    2:  1.7e-05    3:  2.9e-05    4:  0.1     
     0:  1e-06      1:  0.00018    2: -0.00053    3: -0.00079    4:  1e-06      5:  0.1     

QLDIAGINV
   9.4     
   9.2     
   9.6     
   9.9     
   10      
   10      

B: body-dof matrix
--------
 xxxxxx |
 xxxxxx |
 xxxxxx |
 xxxxxx |
 xxxxxx |
 xxxxxx |
 xxxxxx |
 xxxxxx |
        |
--------

B_rownnz              6 6 6 6 6 6 6 6 0

B_rowadr              0 6 12 18 24 30 36 42 48

B_colind              0 1 2 3 4 5 0 1 2 3 4 5 0 1 2 3 4 5 0 1 2 3 4 5 0 1 2 3 4 5 0 1 2 3 4 5 0 1 2 3 4 5 0 1 2 3 4 5

M: reduced inertia matrix
--------
 x      |
 xx     |
 xxx    |
 xxxx   |
 xxxxx  |
 xxxxxx |
--------

M_rownnz              1 2 3 4 5 6

M_rowadr              0 1 3 6 10 15

M_colind              0 0 1 0 1 2 0 1 2 3 0 1 2 3 4 0 1 2 3 4 5

mapM2M                0 2 1 5 4 3 9 8 7 6 14 13 12 11 10 20 19 18 17 16 15

D: dof-dof matrix
--------
 Dxxxxx |
 xDxxxx |
 xxDxxx |
 xxxDxx |
 xxxxDx |
 xxxxxD |
--------

D_rownnz              6 6 6 6 6 6

D_rowadr              0 6 12 18 24 30

D_colind              0 1 2 3 4 5 0 1 2 3 4 5 0 1 2 3 4 5 0 1 2 3 4 5 0 1 2 3 4 5 0 1 2 3 4 5

mapM2D                0 2 5 9 14 20 2 1 4 8 13 19 5 4 3 7 12 18 9 8 7 6 11 17 14 13 12 11 10 16 20 19 18 17 16 15

mapD2M                0 7 6 14 13 12 21 20 19 18 28 27 26 25 24 35 34 33 32 31 30

CONTACT
EFC_TYPE
  1
  1
  1
  1
  1
  1

EFC_ID
  0
  1
  2
  3
  4
  5

EFC_J
   1         0         0         0         0         0       
   0         1         0         0         0         0       
   0         0         1         0         0         0       
   0         0         0         1         0         0       
   0         0         0         0         1         0       
   0         0         0         0         0         1       

EFC_POS
   0       
   0       
   0       
   0       
   0       
   0       

EFC_MARGIN
   0       
   0       
   0       
   0       
   0       
   0       

EFC_FRICTIONLOSS
   0.1     
   0.1     
   0.1     
   0.1     
   0.1     
   0.1     

EFC_DIAGAPPROX
   7.6     
   8.1     
   9.3     
   9.9     
   10      
   10      

EFC_KBIP
   0         1.1e+02   0.9       0       
   0         1.1e+02   0.9       0       
   0         1.1e+02   0.9       0       
   0         1.1e+02   0.9       0       
   0         1.1e+02   0.9       0       
   0         1.1e+02   0.9       0       

EFC_D
   1.2     
   1.1     
   0.96    
   0.91    
   0.9     
   0.9     

EFC_R
   0.85    
   0.9     
   1       
   1.1     
   1.1     
   1.1     

ACTUATOR_VELOCITY
  -2.3e-06 
  -1.3e-06 
  -9.5e-07 
   5.4e-07 
   5.5e-07 
   4e-06   

CVEL
   0         0         0         0         0         0       
   0         0         0         0         0         0       
   0         9.8e-12  -2.3e-06  -6.2e-08   2e-09     8.7e-15 
  -1.3e-06   1.7e-12  -2.3e-06  -6.2e-08  -1.1e-08  -4.9e-09 
  -2.3e-06  -4e-12    -2.3e-06  -6.2e-08  -1.3e-07  -3.2e-09 
  -1.7e-06  -7.4e-13  -2.3e-06  -6.2e-08  -4.4e-08   6.7e-08 
  -1.7e-06  -6.9e-09  -1.7e-06  -1.3e-07  -4.5e-08   6.7e-08 
  -5.7e-06  -6.9e-09  -1.7e-06  -1.3e-07  -3.4e-07  -5.2e-07 
   0         0         0         0         0         0       

CDOF_DOT
   0         0        -0         0         0        -0       
   1.4e-11  -2.3e-06  -9.8e-12   2.2e-08   1.4e-13  -2e-09   
   1.4e-11  -2.3e-06  -9.8e-12   2.9e-07  -7.3e-09  -1.6e-07 
   1.4e-11  -2.3e-06  -9.8e-12   3.7e-07   2.9e-07  -2.3e-07 
  -2.9e-08   1.7e-06   2.2e-08  -4.5e-08   3.5e-07   2.3e-09 
  -8.1e-12   1.7e-06  -6.9e-09  -1.3e-07  -3.3e-07   8.6e-08 

QFRC_BIAS
  -4.3e-08 
  -0.29    
  -0.34    
   0.0029  
   4.4e-06 
  -0.0004  

QFRC_SPRING
   0       
   0       
   0       
   0       
   0       
   0       

QFRC_DAMPER
   0       
   0       
   0       
   0       
   0       
   0       

QFRC_GRAVCOMP
   0       
   0       
   0       
   0       
   0       
   0       

QFRC_FLUID
   0       
   0       
   0       
   0       
   0       
   0       

QFRC_PASSIVE
   0       
   0       
   0       
   0       
   0       
   0       

EFC_VEL
  -2.3e-06 
  -1.3e-06 
  -9.5e-07 
   5.4e-07 
   5.5e-07 
   4e-06   

EFC_AREF
   0.00024 
   0.00014 
   0.0001  
  -5.7e-05 
  -5.8e-05 
  -0.00042 

SUBTREE_LINVEL
   0         0         0       
   0         0         0       
   0         0         0       
   0         0         0       
   0         0         0       
   0         0         0       
   0         0         0       
   0         0         0       
   0         0         0       

SUBTREE_ANGMOM
   0         0         0       
   0         0         0       
   0         0         0       
   0         0         0       
   0         0         0       
   0         0         0       
   0         0         0       
   0         0         0       
   0         0         0       

ACTUATOR_FORCE
  -0.00029 
  -0.29    
  -0.34    
   0.003   
   5.7e-05 
  -1.8e-05 

QFRC_ACTUATOR
  -0.00029 
  -0.29    
  -0.34    
   0.003   
   5.7e-05 
  -1.8e-05 

QFRC_SMOOTH
  -0.00029 
  -0.00016 
  -9.6e-05 
   5.2e-05 
   5.2e-05 
   0.00038 

QACC_SMOOTH
  -0.0027  
  -0.0014  
  -0.00087 
   0.00051 
   0.00052 
   0.0038  

EFC_B
  -0.0029  
  -0.0015  
  -0.00097 
   0.00056 
   0.00058 
   0.0042  

EFC_FORCE
   0.00029 
   0.00016 
   9.6e-05 
  -5.2e-05 
  -5.2e-05 
  -0.00038 

EFC_STATE
  1
  1
  1
  1
  1
  1

QFRC_CONSTRAINT
   0.00029 
   0.00016 
   9.6e-05 
  -5.2e-05 
  -5.2e-05 
  -0.00038 

QFRC_INVERSE
   0       
   0       
   0       
   0       
   0       
   0       

CACC
   0         0         0         0         0         0       
   0         0         0         0         0         0       
   0         0         0         0         0         0       
   0         0         0         0         0         0       
   0         0         0         0         0         0       
   0         0         0         0         0         0       
   0         0         0         0         0         0       
   0         0         0         0         0         0       
   0         0         0         0         0         0       

CFRC_INT
   0         0         0         0         0         0       
   0         0         0         0         0         0       
   0         0         0         0         0         0       
   0         0         0         0         0         0       
   0         0         0         0         0         0       
   0         0         0         0         0         0       
   0         0         0         0         0         0       
   0         0         0         0         0         0       
   0         0         0         0         0         0       

CFRC_EXT
   0         0         0         0         0         0       
   0         0         0         0         0         0       
   0         0         0         0         0         0       
   0         0         0         0         0         0       
   0         0         0         0         0         0       
   0         0         0         0         0         0       
   0         0         0         0         0         0       
   0         0         0         0         0         0       
   0         0         0         0         0         0       

